2025/03/24_14:58:00 HuuDung HuongGiang
4 6 3 5 4 5 4 4 2 6 3 6 3 4 2 3 2 5 3 7 3 8 4 3 2 7 2 8 2 4 
2025/03/24_15:33:32 HuuDung CaroBot
3 6 5 5 4 4 4 6 3 7 3 5 3 8 3 9 4 5 2 4 5 7 1 3 
2025-03-24|16:37:51 HuuDung ThanhTrung
5 4 4 4 4 5 6 3 5 5 6 5 5 3 6 4 5 6 
2025-03-24|21:09:08 HuuDung QuangHai
4 4 3 5 2 4 3 4 3 3 3 6 3 7 2 5 2 2 4 3 5 5 
2025-03-24|21:31:04 HuuDung CaroBot
3 6 5 5 2 5 4 7 3 4 3 7 1 6 4 6 4 3 
2025-03-24|21:45:17 HuuDung CaroBot
3 4 5 4 2 3 4 5 3 6 3 5 5 5 4 4 4 3 5 3 2 6 6 2 
